0.000000000000000000e+00 1.596921236579394776e+00
1.000000000000000056e-01 1.693962267319726100e+00
2.000000000000000111e-01 1.928017485193090241e+00
3.000000000000000444e-01 1.853638654333087832e+00
4.000000000000000222e-01 1.673558977446671259e+00
5.000000000000000000e-01 1.779692451713707602e+00
6.000000000000000888e-01 1.635726846812711965e+00
7.000000000000000666e-01 1.420379413825186843e+00
8.000000000000000444e-01 1.390369757878343382e+00
9.000000000000000222e-01 1.152109079524223478e+00
1.000000000000000000e+00 8.475150951435259650e-01
1.100000000000000089e+00 8.832117772954561907e-01
1.200000000000000178e+00 5.935035663725835020e-01
1.300000000000000044e+00 5.382616858897107948e-01
1.400000000000000133e+00 3.879624879194140674e-01
1.500000000000000000e+00 3.600400098882819422e-01
1.600000000000000089e+00 -6.206864463775350893e-03
1.700000000000000178e+00 -2.151585210881541699e-02
1.800000000000000044e+00 -6.550809640491651875e-02
1.900000000000000133e+00 -1.171609908074750517e-01
2.000000000000000000e+00 4.593053220776505130e-02
2.100000000000000089e+00 -9.049466437231949711e-02
2.200000000000000178e+00 -1.112070836659217049e-01
2.300000000000000266e+00 -5.489573377835742923e-02
2.400000000000000355e+00 -1.089450383122139189e-02
2.500000000000000000e+00 2.719011804679420941e-01
2.600000000000000089e+00 2.914540547817597860e-01
2.700000000000000178e+00 4.234427697553110326e-01
2.800000000000000266e+00 5.663904790598361938e-01
2.900000000000000355e+00 5.458582908385737342e-01
3.000000000000000000e+00 6.098228917427246376e-01
3.100000000000000089e+00 8.504572080446511917e-01
3.200000000000000178e+00 9.691967338857565561e-01
3.300000000000000266e+00 9.322436534531611807e-01
3.400000000000000355e+00 1.147142286309225101e+00
3.500000000000000000e+00 1.015569566631334908e+00
3.600000000000000089e+00 1.130785371466703326e+00
3.700000000000000178e+00 1.091172852263732507e+00
3.800000000000000266e+00 1.032494277362094426e+00
3.900000000000000355e+00 9.696278759686556281e-01
4.000000000000000000e+00 9.892204149108909661e-01
4.100000000000000533e+00 1.125426510463369834e+00
4.200000000000000178e+00 8.125861408585682844e-01
4.299999999999999822e+00 8.431326655692981120e-01
4.400000000000000355e+00 6.699066526373453900e-01
4.500000000000000000e+00 6.859554929762321507e-01
4.600000000000000533e+00 8.459089520333124002e-01
4.700000000000000178e+00 6.936949566207690765e-01
4.800000000000000711e+00 5.096199431696932791e-01
4.900000000000000355e+00 4.131672493017958248e-01
5.000000000000000000e+00 3.735095806681189567e-01
5.100000000000000533e+00 3.233613134254557098e-01
5.200000000000000178e+00 5.623938955943397211e-01
5.300000000000000711e+00 5.099761288356368105e-01
5.400000000000000355e+00 5.419802508496240900e-01
5.500000000000000000e+00 4.483708545048465943e-01
5.600000000000000533e+00 3.725242755736885569e-01
5.700000000000000178e+00 5.099741832424605770e-01
5.800000000000000711e+00 3.720062968773606982e-01
5.900000000000000355e+00 4.484303927110796506e-01
6.000000000000000000e+00 5.977120575704022443e-01
6.100000000000000533e+00 6.838087370760461692e-01
6.200000000000000178e+00 4.515073668628739045e-01
6.300000000000000711e+00 7.432235566332925369e-01
6.400000000000000355e+00 6.442441802269949225e-01
6.500000000000000000e+00 5.296338860002192117e-01
6.600000000000000533e+00 8.022756489866259555e-01
6.700000000000000178e+00 6.951695274942366609e-01
6.800000000000000711e+00 9.049578629398902230e-01
6.900000000000000355e+00 9.116317623795197056e-01
7.000000000000000000e+00 6.851988948720689754e-01
7.100000000000000533e+00 6.627927178927499607e-01
7.200000000000000178e+00 8.076375716546775330e-01
7.300000000000000711e+00 7.425661797636355921e-01
7.400000000000000355e+00 8.548787575401117778e-01
7.500000000000000000e+00 6.783045479104246045e-01
7.600000000000000533e+00 6.385576749041891320e-01
7.700000000000000178e+00 6.584845633084535077e-01
7.800000000000000711e+00 7.626095592053667716e-01
7.900000000000000355e+00 8.406482492858884381e-01
8.000000000000000000e+00 6.886464368583391504e-01
8.099999999999999645e+00 5.914752164085029795e-01
8.200000000000001066e+00 5.290667404989175537e-01
8.300000000000000711e+00 6.493195484854130672e-01
8.400000000000000355e+00 5.643776358723613384e-01
8.500000000000000000e+00 6.909598736579547484e-01
8.599999999999999645e+00 4.820146568878764248e-01
8.700000000000001066e+00 6.414631281202431978e-01
8.800000000000000711e+00 6.311809593418840070e-01
8.900000000000000355e+00 5.236701255906599517e-01
9.000000000000000000e+00 6.390565830350518617e-01
9.099999999999999645e+00 5.782363235699059523e-01
9.200000000000001066e+00 6.735651561461766246e-01
9.300000000000000711e+00 6.506759082460685795e-01
9.400000000000000355e+00 6.010675154890375849e-01
9.500000000000000000e+00 5.851400799756836246e-01
9.600000000000001421e+00 7.363888642210704161e-01
9.700000000000001066e+00 6.591027626574007536e-01
9.800000000000000711e+00 4.943000355113366107e-01
9.900000000000000355e+00 7.531478241800618756e-01
1.000000000000000000e+01 5.846035641220442836e-01
